ParentKey	LineNum	PriceList	Price	Currency
ItemCode	LineNum	PriceList	Price	Currency
11001385085		1	5	USD
11001385086		1	5	USD
11001385087		1	5.55	USD
11001385088		1	8.65	USD
11001385089		1	10.56	USD
11001385090		1	21.53	USD
11001385091		1	39.5	USD
11001385092		1	1.34	USD
11001505093		1	4.7121	USD
11001505094		1	9.5619	USD
11001505095		1	3.2181	USD
11001505096		1	12.6	USD
11001505097		1	5.2174	USD
11001505098		1	17.1926	USD
11001505099		1	11.1936	USD
11001505100		1	4.7807	USD
11001505101		1	7.8147	USD
11001505102		1	1.7699	USD
11001505103		1	2.1607	USD
11001505104		1	3.1031	USD
11001505105		1	8.1137	USD
11001505106		1	32.2941	USD
11001505107		1	2.735	USD
11001505108		1	3.3789	USD
11001505109		1	4.6199	USD
11001425110		1	6.298	USD
11001425111		1	3.7465	USD
11001425112		1	4.4131	USD
11001505113		1	6.3206	USD
11001565114		1	1.33	USD
11001565115		1	11.35	USD
11001385116		1	1.18	USD
11001425117		1	29.7897	USD
11001565118		1	6.49	USD
11001565119		1	8.65	USD
11001565120		1	9.49	USD
11001565121		1	14.71	USD
100025745122		1	20.24	USD
11001565123		1	93.3	USD
11001565124		1	12.59	USD
11001385125		1	5	USD
11001385126		1	0	
11001385127		1	10	USD
11001385128		1	0	
11001385129		1	8.59	USD
11001385130		1	7.44	USD
11001385131		1	2.05	USD
11001385132		1	4.28	USD
11001385133		1	10	USD
11001265134		1	5.28	USD
11001265135		1	2.71	USD
11001265136		1	2.82	USD
11001265137		1	2.92	USD
11001265138		1	8.15	USD
11001265139		1	9.36	USD
11001265140		1	2.4	USD
11001265141		1	6.09	USD
11001265142		1	4.3	USD
11001265143		1	5.99	USD
11001265144		1	2.65	USD
11001265145		1	1.85	USD
11001265146		1	6.64	USD
11001265147		1	1.88	USD
11001265148		1	10.3	USD
11001385149		1	0	
11001385150		1	0	
11001385151		1	0	
11001385152		1	0	
11001385153		1	0	
11001385154		1	5	USD
11001385155		1	5	USD
11001385156		1	5	USD
11001385157		1	6	USD
11001385158		1	10	USD
11001385159		1	8	USD
11001385160		1	10	USD
11001385161		1	10	USD
11001385162		1	31.94	USD
11001385163		1	3.87	USD
11001385164		1	5.02	USD
11001385165		1	11	USD
11001385166		1	5	USD
11001385167		1	6.9	USD
11001385168		1	11	USD
11001385169		1	9	USD
11001265170		1	12.4	USD
11001265171		1	22.15	USD
11001265172		1	19.93	USD
11001385173		1	4	USD
11001385174		1	0	
11001385175		1	10	USD
11001385176		1	5	USD
11001385177		1	6	USD
11001385178		1	8	USD
11001385179		1	6	USD
11001385180		1	0	
11001385181		1	0	
11001425182		1	3.1	USD
11001425183		1	1	USD
11001425184		1	8.44	USD
11001425185		1	8.31	USD
11001425186		1	18.04	USD
11001425187		1	13.75	USD
11001425188		1	22.25	USD
11001425189		1	0	
11002325190		1	28.95	USD
11002325191		1	37.24	USD
11001605192		1	1.47	USD
11001605193		1	2.2	USD
11001425194		1	4.47	USD
11001605195		1	11.52	USD
11001605196		1	7.7	USD
11001605197		1	3.37	USD
11001605198		1	8.58	USD
11001505199		1	4.5812	USD
11001505200		1	3.8156	USD
11002325201		1	134.08	USD
11002325202		1	28.06	USD
11002325203		1	110.95	USD
11001505204		1	5.6082	USD
11001425205		1	8.2514	USD
11001505206		1	7.0564	USD
11002325207		1	36.47	USD
11002325208		1	49.73	USD
11002325209		1	34.01	USD
11001505210		1	36.9139	USD
11001505211		1	26.5019	USD
11001505212		1	13.4002	USD
11001505213		1	32.7534	USD
11001505214		1	14.8484	USD
11001505215		1	20.7782	USD
11001505216		1	17.6293	USD
11001505217		1	27.9036	USD
11001505218		1	6.0912	USD
11001505219		1	8.5045	USD
11001505220		1	7.5621	USD
11001505221		1	9.7919	USD
11001505222		1	9.7919	USD
100025725223		1	16.45	USD
100025725224		1	16.45	USD
100025725225		1	16.45	USD
100025725226		1	16.45	USD
100025725227		1	16.45	USD
100025725228		1	16.45	USD
100025725229		1	16.45	USD
100025725230		1	16.45	USD
100025725231		1	81.03	USD
100025725232		1	174.59	USD
11001505233		1	4.78	USD
100025725234		1	17.25	USD
100025725235		1	52.14	USD
100025725236		1	93.96	USD
100026745237		1	30	USD
100025725238		1	43.03	USD
100025725239		1	93.96	USD
100025725240		1	98.64	USD
100025725241		1	117.09	USD
100025725242		1	98.64	USD
100025725243		1	51.67	USD
100025725244		1	51.03	USD
100025725245		1	97.09	USD
100025725246		1	97.09	USD
100025725247		1	21.2	USD
100025725248		1	51.67	USD
100025725249		1	45.74	USD
100025725250		1	45.74	USD
100025725251		1	45.74	USD
11001505252		1	27.0071	USD
11001505253		1	39.8788	USD
11001505254		1	27.0071	USD
11001505255		1	39.8788	USD
11001505256		1	36.4314	USD
11002325257		1	57.84	USD
11001505258		1	11.1936	USD
11001505259		1	13.86	USD
11001505260		1	15.7908	USD
11001505261		1	15.7908	USD
11001505262		1	11.7453	USD
11001505263		1	12.8944	USD
11001505264		1	22.9621	USD
11001505265		1	14.986	USD
11001505266		1	17.9515	USD
11001505267		1	2.4	USD
100019725268		1	42.7	USD
100025725269		1	34.45	USD
100025725270		1	37.45	USD
100025725271		1	209.56	USD
100025725272		1	110.98	USD
100025725273		1	72.26	USD
100025725274		1	23.83	USD
100025725275		1	34.41	USD
100025725276		1	19.75	USD
100025725277		1	20.95	USD
100025725278		1	21.4	USD
100025725279		1	21.4	USD
100025725280		1	44.36	USD
100025725281		1	44.36	USD
100025725282		1	42.97	USD
100025725283		1	42.97	USD
100025725284		1	42.97	USD
100025725285		1	42.97	USD
100025725286		1	42.97	USD
100025725287		1	45.82	USD
100025725288		1	51.03	USD
100025725289		1	56.61	USD
100025725290		1	81.03	USD
100025725291		1	81.03	USD
100025725292		1	81.03	USD
100025725293		1	81.03	USD
100025725294		1	81.03	USD
100025725295		1	81.03	USD
100025725296		1	81.03	USD
100025725297		1	81.03	USD
100025725298		1	81.03	USD
100025725299		1	81.03	USD
100025725300		1	81.03	USD
100025725301		1	81.03	USD
100025725302		1	81.03	USD
100025725303		1	81.03	USD
100025725304		1	81.03	USD
100025725305		1	81.03	USD
100025725306		1	81.03	USD
100025725307		1	45.82	USD
100025725308		1	86.89	USD
100025725309		1	86.89	USD
100025725310		1	86.89	USD
100025725311		1	90.03	USD
100025725312		1	95.02	USD
100025725313		1	51.03	USD
100025725314		1	51.03	USD
100025725315		1	51.03	USD
100025725316		1	48.63	USD
100025725317		1	44.9	USD
100025725318		1	53.1	USD
100025725319		1	53.1	USD
100025725320		1	53.1	USD
100025725321		1	53.1	USD
100025725322		1	51.03	USD
100025725323		1	51.03	USD
100025725324		1	58.68	USD
100025725325		1	58.68	USD
100025725326		1	58.68	USD
100025725327		1	58.68	USD
100025725328		1	56.61	USD
100025725329		1	35	USD
100025725330		1	89.78	USD
100025725331		1	89.78	USD
100025725332		1	89.78	USD
100025725333		1	89.78	USD
100025725334		1	89.78	USD
100025725335		1	89.78	USD
100025725336		1	89.78	USD
100025725337		1	89.78	USD
100025725338		1	89.78	USD
100025725339		1	17.25	USD
100025725340		1	47.44	USD
100025725341		1	84.94	USD
100025725342		1	109.96	USD
100025725343		1	109.93	USD
100025725344		1	52.14	USD
100025725345		1	53.88	USD
100025725346		1	52.14	USD
100025725347		1	52.14	USD
100025725348		1	52.14	USD
100025725349		1	93.96	USD
100025725350		1	93.96	USD
100025725351		1	97.09	USD
100025725352		1	47.09	USD
100025725353		1	38.85	USD
100025725354		1	43.03	USD
100025725355		1	41.64	USD
100025725356		1	41.64	USD
100025725357		1	43.65	USD
100025725358		1	91.02	USD
100025725359		1	81.03	USD
100025725360		1	39.71	USD
11002325361		1	4.753	USD
11002325362		1	87.74	USD
11002325363		1	36.67	USD
11002325364		1	105	USD
11002325365		1	6.5	USD
11002325366		1	33.84	USD
11001425367		1	2.58	USD
11001425368		1	10.6714	USD
11001425369		1	3.24	USD
11001425370		1	8.03	USD
11001425371		1	3.46	USD
11001425372		1	2.6	USD
11001425373		1	4.5833	USD
11001425374		1	17.6	USD
11001425375		1	3.44	USD
11001425376		1	3.449	USD
11001425377		1	4.7173	USD
11001425378		1	14.2439	USD
11001425379		1	3.41	USD
11001425380		1	12.69	USD
11001425381		1	3.32	USD
11001425382		1	6.5548	USD
11001425383		1	2.23	USD
11001425384		1	3.7221	USD
11001425385		1	2.78	USD
11001425386		1	2.705	USD
11001425387		1	4.7608	USD
11001425388		1	4.0368	USD
11001425389		1	11.7681	USD
11001425390		1	1.7	USD
11001425391		1	12.4545	USD
11001425392		1	5.1045	USD
11001425393		1	2.51	USD
11001425394		1	3.68	USD
11001425395		1	3.61	USD
11001425396		1	19.92	USD
11001425397		1	6.2785	USD
11001425398		1	14	USD
11001425399		1	4.62	USD
11001425400		1	7.7917	USD
11001425401		1	6.33	USD
11001425402		1	2.87	USD
11001425403		1	4.44	USD
11001425404		1	5.1503	USD
11001425405		1	5.6048	USD
11001425406		1	5.8822	USD
11001425407		1	4.42	USD
11001425408		1	4.13	USD
11001425409		1	9.489	USD
11001425410		1	2.06	USD
11001425411		1	2.91	USD
11001425412		1	4.8788	USD
11001425413		1	15.4871	USD
11001425414		1	6.7327	USD
11001425415		1	3.21	USD
11001425416		1	5.83	USD
11001425417		1	5.92	USD
11001425418		1	6.86	USD
11001425419		1	5.09	USD
11001425420		1	22.07	USD
11001425421		1	16.8683	USD
11001425422		1	4.83	USD
11001425423		1	5.2447	USD
11001425424		1	8.746	USD
11001425425		1	12.32	USD
11001425426		1	13.46	USD
11001425427		1	11.88	USD
11001425428		1	8.18	USD
11001425429		1	19.6727	USD
11001425430		1	6.1	USD
11001425431		1	7.22	USD
11001425432		1	13.53	USD
11001425433		1	2.76	USD
11001425434		1	3.46	USD
11001425435		1	7.8002	USD
11001425436		1	8.5852	USD
11001425437		1	5.2605	USD
11001425438		1	22.5135	USD
11001425439		1	3	USD
11001425440		1	3.9719	USD
11001425441		1	4.5975	USD
11001425442		1	2.17	USD
11001425443		1	5.23	USD
11001425444		1	5.63	USD
11001425445		1	22.8476	USD
11001425446		1	14.3	USD
11001425447		1	20.6815	USD
11001425448		1	9.57	USD
11001425449		1	14.202	USD
11001425450		1	5.48	USD
11001425451		1	5.63	USD
11001425452		1	10.3675	USD
11001425453		1	5.09	USD
11001425454		1	4.6998	USD
11001425455		1	7.6586	USD
11001425456		1	13.6804	USD
11001425457		1	5.9018	USD
11001425458		1	0	
11001425459		1	14.04	USD
11001425460		1	15.2589	USD
11001425461		1	9.2567	USD
11001425462		1	38.6116	USD
11001425463		1	10.03	USD
11001425464		1	13.86	USD
11001425465		1	18.47	USD
11001425466		1	26.5791	USD
11001425467		1	14.7713	USD
11001425468		1	9.5183	USD
11001425469		1	11.65	USD
11001425470		1	16.6	USD
11001425471		1	7.87	USD
11001425472		1	30.1474	USD
11001425473		1	18.35	USD
11001425474		1	13.02	USD
11001425475		1	21.31	USD
11001425476		1	19.8465	USD
11001425477		1	14.6719	USD
11001505478		1	15.8071	USD
11001425479		1	11.2371	USD
11001425480		1	30.5911	USD
11001425481		1	8.2921	USD
11001425482		1	7.3183	USD
11001425483		1	23.7329	USD
11001425484		1	16.34	USD
11001425485		1	13.39	USD
11001425486		1	35.5784	USD
11001425487		1	37.16	USD
11001425488		1	21.9	USD
11001425489		1	21	USD
11001425490		1	23.7873	USD
11001425491		1	24.34	USD
11001425492		1	32.53	USD
11001425493		1	8.45	USD
11001425494		1	14.69	USD
11001425495		1	18.27	USD
11001425496		1	16.58	USD
11001425497		1	17.4556	USD
11001425498		1	15.4982	USD
11001425499		1	17.1802	USD
11001425500		1	16.6825	USD
11001425501		1	11.9807	USD
11002325502		1	1.95	USD
11002325503		1	28.77	USD
11001425504		1	30.72	USD
11001425505		1	31.06	USD
11001425506		1	32.68	USD
11001425507		1	9.75	USD
11001425508		1	22.11	USD
11001425509		1	40.16	USD
11001425510		1	55.97	USD
11002325511		1	4.65	USD
11002325512		1	8.01	USD
11002325513		1	8.91	USD
11002325514		1	19.56	USD
11002325515		1	7.69	USD
11002325516		1	4.25	USD
11002325517		1	11.87	USD
11002325518		1	7.66	USD
11002325519		1	12.63	USD
100025325520		1	7.08	USD
100025325521		1	15.02	USD
100025325522		1	15.47	USD
100025325523		1	15.47	USD
100025325524		1	15.47	USD
100025325525		1	15.47	USD
100025325526		1	15.47	USD
100025325527		1	15.47	USD
100025325528		1	15.47	USD
100025325529		1	15.47	USD
100025325530		1	15.47	USD
100025325531		1	15.47	USD
100025325532		1	17.3	USD
100025325533		1	17.3	USD
100025325534		1	17.3	USD
100025325535		1	17.3	USD
100025325536		1	21.11	USD
100025325537		1	9.39	USD
11002505538		1	6.9164	USD
11001425539		1	12	USD
11001385540		1	7.32	USD
11001505541		1	3.92	USD
11001425542		1	12.1027	USD
11001425543		1	3.9857	USD
11001425544		1	9.5472	USD
11001425545		1	5.2467	USD
11001425546		1	2.4768	USD
11001425547		1	2.5516	USD
11001425548		1	4.3595	USD
11001505549		1	6.3031	USD
11001425550		1	3.4368	USD
11001425551		1	4.1077	USD
11001425552		1	4.3241	USD
11001425553		1	7.7176	USD
11001425554		1	2.7011	USD
11001425555		1	2.9903	USD
11001425556		1	5.3746	USD
11001425557		1	6.6337	USD
11001425558		1	3.2834	USD
11001425559		1	9.0829	USD
11001425560		1	10.95	USD
11001425561		1	10.1452	USD
11001425562		1	15.2975	USD
11001425563		1	3.3129	USD
11001425564		1	6.0789	USD
11001425565		1	16.4149	USD
11001425566		1	9.23	USD
11001425567		1	4.3654	USD
11001425568		1	5.0874	USD
11001425569		1	7.09	USD
11001425570		1	3.7378	USD
11001425571		1	14.2372	USD
11001425572		1	13.2024	USD
11001425573		1	11.7151	USD
11001425574		1	14.43	USD
11001425575		1	22.1318	USD
11001425576		1	7.3379	USD
11001425577		1	13.3809	USD
11001425578		1	23.0643	USD
11001425579		1	8.5675	USD
11001425580		1	10.05	USD
11001425581		1	8.5419	USD
11001425582		1	15.7972	USD
11001425583		1	19.4013	USD
11001425584		1	19.96	USD
11001425585		1	5.7818	USD
11001425586		1	20.6662	USD
11001425587		1	10.222	USD
11001425588		1	9.9977	USD
11001425589		1	30.8134	USD
11001425590		1	11	USD
11001425591		1	34.91	USD
11001425592		1	6.3799	USD
11001425593		1	6.5235	USD
11001425594		1	9.681	USD
11001425595		1	19.3855	USD
11001425596		1	16.43	USD
11001425597		1	20.9574	USD
11001425598		1	30.7446	USD
11001425599		1	31.3308	USD
11001425600		1	20.4656	USD
11001425601		1	11.542	USD
11001425602		1	17.0327	USD
11001425603		1	32.1669	USD
11001425604		1	30.3393	USD
11001425605		1	27.3254	USD
11001425606		1	23.12	USD
11001425607		1	24.3922	USD
11001425608		1	20.6918	USD
11001425609		1	27.0599	USD
11001425610		1	32.95	USD
11001425611		1	23.9004	USD
11001425612		1	20.52	USD
11001425613		1	25.9306	USD
11001425614		1	41.9482	USD
11001425615		1	35.4641	USD
11001425616		1	15.5218	USD
11001425617		1	27.4218	USD
11001425618		1	45.3772	USD
11001425619		1	45.3772	USD
11001425620		1	46.9038	USD
11001425621		1	44.0414	USD
11001425622		1	36.6464	USD
11001425623		1	32.4168	USD
11001425624		1	38.7081	USD
11001425625		1	42.32	USD
11001425626		1	48.812	USD
11001425627		1	62.158	USD
11001425628		1	24.16	USD
11001425629		1	18.35	USD
11001425630		1	25.8868	USD
11001425631		1	63.2262	USD
11001425632		1	45.9162	USD
11001425633		1	38.4425	USD
11001425634		1	108.2001	USD
11001425635		1	60.4839	USD
11001425636		1	39.8	USD
11001425637		1	62.0833	USD
11001425638		1	33.304	USD
11001425639		1	22.9207	USD
11001425640		1	72.5669	USD
11001425641		1	66.2362	USD
11001425642		1	63.9895	USD
11001425643		1	10	USD
11001425644		1	54.4581	USD
11001425645		1	44.8893	USD
11001425646		1	61.9455	USD
11001425647		1	66.6749	USD
11001425648		1	70.3183	USD
11001425649		1	80.074	USD
11001425650		1	80.5776	USD
11001425651		1	63.3384	USD
11001425652		1	49.0776	USD
11001425653		1	72.4508	USD
11001425654		1	36.607	USD
11001425655		1	87.705	USD
100025725656		1	65.8	USD
100026745657		1	2.765	USD
100025745658		1	2.75	USD
100025745659		1	2.83	USD
100025745660		1	2.83	USD
100025745661		1	2.83	USD
100025745662		1	2.75	USD
100025745663		1	2.83	USD
100025745664		1	3.28	USD
100025745665		1	2.83	USD
100025745666		1	2.41	USD
100025745667		1	2.83	USD
100025745668		1	2.75	USD
100025745669		1	2.75	USD
100025745670		1	2.83	USD
100025745671		1	44.21	USD
100025745672		1	36.05	USD
100025745673		1	36.05	USD
100025745674		1	36.05	USD
100025745675		1	83.49	USD
100025745676		1	35	USD
100025745677		1	35	USD
100025745678		1	35	USD
100025745679		1	35	USD
100025745680		1	65	USD
100025745681		1	36.05	USD
100025745682		1	39.87	USD
100025745683		1	36.05	USD
100025745684		1	36.05	USD
100025745685		1	35	USD
100025745686		1	36.05	USD
100025745687		1	36.05	USD
100025745688		1	36.05	USD
100025745689		1	36.05	USD
100025745690		1	36.05	USD
100025745691		1	36.05	USD
100025745692		1	36.05	USD
100025745693		1	40.63	USD
100025745694		1	36.05	USD
100025745695		1	36.05	USD
100025745696		1	36.05	USD
100025745697		1	36.05	USD
100025745698		1	36.05	USD
100025745699		1	36.05	USD
100025745700		1	36.05	USD
100025745701		1	18.51	USD
100025745702		1	14.42	USD
100025745703		1	14.42	USD
100025745704		1	14.42	USD
100025745705		1	14.42	USD
100025745706		1	14.42	USD
100025745707		1	17.61	USD
100025745708		1	14.42	USD
100025745709		1	17.61	USD
100025745710		1	14.42	USD
100025745711		1	14	USD
100025745712		1	19.26	USD
100025745713		1	14.42	USD
100025745714		1	15.41	USD
100025745715		1	15.41	USD
100025745716		1	15.41	USD
100025745717		1	18.64	USD
100025745718		1	18.64	USD
100025745719		1	18.64	USD
100025745720		1	18.64	USD
100025745721		1	18.64	USD
100025745722		1	17.61	USD
100025745723		1	7.29	USD
100025745724		1	33.5	USD
100025745725		1	33.5	USD
100025745726		1	33.5	USD
100025745727		1	9.27	USD
100025745728		1	9.27	USD
100025745729		1	9	USD
100025745730		1	9.27	USD
100025745731		1	9.27	USD
100025745732		1	9.27	USD
100025745733		1	6.28	USD
100025745734		1	9.27	USD
100025745735		1	9.27	USD
100025745736		1	9.27	USD
100025745737		1	9.27	USD
100025745738		1	9.27	USD
100025745739		1	9.27	USD
100025745740		1	9.27	USD
100025745741		1	9.27	USD
100025745742		1	9.27	USD
100025745743		1	9.27	USD
100025745744		1	9	USD
100025745745		1	9.27	USD
100025745746		1	9.27	USD
100025745747		1	7.29	USD
100025745748		1	18.52	USD
100025745749		1	9.25	USD
100025745750		1	9.25	USD
100025745751		1	7.51	USD
100025745752		1	9.27	USD
100025745753		1	7.51	USD
100025745754		1	9.27	USD
100025745755		1	9.27	USD
100025745756		1	9.27	USD
100025745757		1	9.27	USD
100025745758		1	9	USD
11001425759		1	3.54	USD
11001425760		1	5.06	USD
11001425761		1	2.65	USD
11001425762		1	13.94	USD
100025325763		1	39.62	USD
1000255764		1	35	USD
100026325765		1	50	USD
100025745766		1	36.48	USD
100025745767		1	36.48	USD
100025745768		1	36.48	USD
100025745769		1	36.48	USD
100025745770		1	36.48	USD
100025745771		1	38.31	USD
100025745772		1	38.31	USD
100025745773		1	4.5	USD
100025745774		1	4.5	USD
100025745775		1	4.5	USD
100025745776		1	4.64	USD
100025745777		1	4.64	USD
100025745778		1	4.64	USD
11002325779		1	4.16	USD
11002325780		1	8.6	USD
11002325781		1	24.35	USD
11001425782		1	2.56	USD
11001425783		1	3.13	USD
11001425784		1	5.95	USD
11001425785		1	9.08	USD
11001425786		1	8.01	USD
11001425787		1	9.35	USD
11001425788		1	11.1229	USD
11001425789		1	13.45	USD
11001425790		1	18.93	USD
10002725791		1	146	USD
11001425792		1	21.3135	USD
11001425793		1	16.3185	USD
11001425794		1	13.81	USD
11001425795		1	21.1635	USD
11001425796		1	26.9969	USD
11001425797		1	17.2727	USD
11001425798		1	23.7529	USD
11001425799		1	27.5655	USD
11001425800		1	25.9366	USD
11001425801		1	27.6461	USD
11001425802		1	29.3616	USD
11001425803		1	29.1373	USD
11001425804		1	39.6583	USD
11001425805		1	25.61	USD
11001425806		1	39.8511	USD
11001425807		1	53.48	USD
11001425808		1	45.7608	USD
11001425809		1	69	USD
11001425810		1	67.6447	USD
11001425811		1	56.7108	USD
11001425812		1	52.3571	USD
11001425813		1	121.4517	USD
11002425814		1	39.6	USD
